[[128,0,0,0],
[139,0,0,0],
[165,42,42,0],
[178,34,34,0],
[220,20,60,0],
[255,0,0,0],
[255,99,71,0],
[255,127,80,0],
[205,92,92,0],
[240,128,128,0],
[233,150,122,0],
[250,128,114,0],
[255,160,122,0],
[255,69,0,0],
[255,140,0,0],
[255,165,0,0],
[255,215,0,0],
[184,134,11,0],
[218,165,32,0],
[238,232,170,0],
[189,183,107,0],
[240,230,140,0],
[128,128,0,0],
[255,255,0,0],
[154,205,50,0],
[85,107,47,0],
[107,142,35,0],
[124,252,0,0],
[127,255,0,0],
[173,255,47,0],
[0,100,0,0],
[0,128,0,0],
[34,139,34,0],
[0,255,0,0],
[50,205,50,0],
[144,238,144,0],
[152,251,152,0],
[143,188,143,0],
[0,250,154,0],
[0,255,127,0],
[46,139,87,0],
[102,205,170,0],
[60,179,113,0],
[32,178,170,0],
[47,79,79,0],
[0,128,128,0],
[0,139,139,0],
[0,255,255,0],
[0,255,255,0],
[224,255,255,0],
[0,206,209,0],
[64,224,208,0],
[72,209,204,0],
[175,238,238,0],
[127,255,212,0],
[176,224,230,0],
[95,158,160,0],
[70,130,180,0],
[100,149,237,0],
[0,191,255,0],
[30,144,255,0],
[173,216,230,0],
[135,206,235,0],
[135,206,250,0],
[25,25,112,0],
[0,0,128,0],
[0,0,139,0],
[0,0,205,0],
[0,0,255,0],
[65,105,225,0],
[138,43,226,0],
[75,0,130,0],
[72,61,139,0],
[106,90,205,0],
[123,104,238,0],
[147,112,219,0],
[139,0,139,0],
[148,0,211,0],
[153,50,204,0],
[186,85,211,0],
[128,0,128,0],
[216,191,216,0],
[221,160,221,0],
[238,130,238,0],
[255,0,255,0],
[218,112,214,0],
[199,21,133,0],
[219,112,147,0],
[255,20,147,0],
[255,105,180,0],
[255,182,193,0],
[255,192,203,0],
[250,235,215,0],
[245,245,220,0],
[255,228,196,0],
[255,235,205,0],
[245,222,179,0],
[255,248,220,0],
[255,250,205,0],
[250,250,210,0],
[255,255,224,0],
[139,69,19,0],
[160,82,45,0],
[210,105,30,0],
[205,133,63,0],
[244,164,96,0],
[222,184,135,0],
[210,180,140,0],
[188,143,143,0],
[255,228,181,0],
[255,222,173,0],
[255,218,185,0],
[255,228,225,0],
[255,240,245,0],
[250,240,230,0],
[253,245,230,0],
[255,239,213,0],
[255,245,238,0],
[245,255,250,0],
[112,128,144,0],
[119,136,153,0],
[176,196,222,0],
[230,230,250,0],
[255,250,240,0],
[240,248,255,0],
[248,248,255,0],
[240,255,240,0],
[255,255,240,0],
[240,255,255,0],
[255,250,250,0],
[0,0,0,0],
[105,105,105,0],
[128,128,128,0],
[169,169,169,0],
[192,192,192,0],
[211,211,211,0],
[220,220,220,0],
[245,245,245,0],
[255,255,255,0]]
